0A 00 2E 0A —> ID 0x0A2E000A
00 03 03 03 00 00 00 02 00 00 00 01 —> 3 pipe, 3 ports, FB memory 32 MB, VRAM 1536 MB
00 00 90 00 00 00 00 60 99 14 00 00 
99 14 00 00 00 00 00 00 00 00 00 00 —> Backlight 0x1499
00 00 08 00 02 00 00 00 11 00 00 00 —> eDP
01 05 09 00 00 04 00 00 87 00 00 00 —> DP
02 04 0A 00 00 04 00 00 87 00 00 00 —> DP
FF 00 00 00 01 00 00 00 40 00 00 00 —> Unused
D6 00 00 00 05 05 00 00 04 00 00 00 
00 00 00 00 00 00 00 00 00 00 00 00 
00 00 00 00 00 00 00 00 00 00 00 00 
0E 00 00 00

