05 00 26 0A —> ID: 0x0A260005
01 03 03 03 00 00 00 02 00 00 30 01  —> 3 pipes, 3 ports, FB memory 32MB, VRAM 1536 MB   
00 00 50 00 00 00 00 60 D9 0A 00 00
D9 0A 00 00 00 00 00 00 00 00 00 00 —> Backlight 0x0AD9  
00 00 08 00 02 00 00 00 30 00 00 00 —> eDP
01 05 09 00 00 04 00 00 87 00 00 00 —> DP
02 04 09 00 00 04 00 00 87 00 00 00 —> DP 
FF 00 00 00 01 00 00 00 40 00 00 00 —> Unused 
0F 00 00 00 01 01 00 00 04 00 00 00 
00 00 00 00 00 00 00 00 00 00 00 00 
00 00 00 00 00 00 00 00 00 00 00 00 
0E 00 00 00

